precip07:
-------
0
0
0
0
0
0
0
0
0
0
0
0
0
0
0
0
0
0
0
0
0
0
0
0
0
0
0
0
0
0
0
T
T
T
0
15.9
0
0
0
0
5.3
0
16.3
28.7
0
3
0
0
0
0
0
0
0
0
2.6
0
0
1
7.9
T
0
0
0
0
0
0
0
0
0
16.1
4.5
5
2.8
0
0
0
0
0
0
0
0
0
0
0
0
0
0
0
0
0
0
0
0
0
0
1.5
1.7
T
0
19.2
0
0
0
0
0.2
0
T
0
0
31.4
3.3
3.5
8.5
T
0
0
0
8.6
T
0
14.7
0
5.7
8.5
1.2
1.7
4.5
T
0
8.4
0
0.1
T
T
3.2
29.3
6.5
T
1.1
5.8
0
0
0
0
0
0
0
0
0
0
0
0
1.5
1.3
45.4
12.3
20.7
12.3
3
6.8
6.6
2.1
0
35.2
0.5
3.7
0.3
7.5
0
T
T
3.9
20.2
21.8
0.5
34.4
4.4
18.6
0
0
T
2.5
4
4.6
1.3
18.8
0
0.6
4.4
2.8
T
0
34.6
30.3
8.7
10.2
0.6
0
1.9
0.8
7.1
3.2
0.4
1.7
2.7
19.4
7
31.5
3
25.2
0
4.7
15.9
1.4
0
18.4
0
12
0
0.4
0
18.6
4.3
37.6
3.4
12.1
0.3
14.1
1.9
5.5
2.7
2.8
0
0
0
6
26.4
6.4
2.3
13
0
13.5
15.4
29
8.4
0.2
52.6
39.9
20
0
T
4.2
0
0
7.8
6.6
T
1.5
0
47.7
0.9
7
1
0.4
0
T
10.5
26.9
1.8
5.1
23
22.6
0.2
0
0
0
0
0
0
1.5
0.2
0
0
0
3
0.3
0
T
13.2
0.1
0
0
0
0
0
0
0
0
0
0
0
0
0
0
0
0
T
0
T
T
0
T
3.2
0
0
0
0
0
0
0
0
0
0
0
0
0
0
0
0
0
0
0
0
0
0
0
0
0
0
0
0
0
0
0
0
0
0
0
0
0
0
0
0
0
0
0
0
0
0
0
0
0
0
0
0
