wind07:
------
0.5
0.6
0.6
0.5
0.5
0.5
0.6
0.7
0.6
0.6
0.2
1
0.5
0.7
0.7
0.7
0.6
0.6
0.6
0.6
0.5
0.6
0.5
0.4
0.6
0.7
0.7
0.7
0.7
-99.9
-99.9
0.8
0.8
0.8
0.2
1.1
0.4
0.6
-99.9
-99.9
0.9
0.7
0.5
0.9
1.4
0.8
0.7
-99.9
-99.9
1
1
0.9
0.9
0.8
1.1
1.1
0.2
0.9
1
1.4
1.3
1.3
2.6
0.4
0.3
1.3
-99.9
-99.9
1
1
1.5
1.2
0.9
0.7
1.7
1.1
1.1
1.1
0.8
0.8
1
2
1.1
1.1
1.1
1.4
1.4
0.9
1
1
0.9
1
1.5
1.1
1.4
0.8
0.9
1.8
1.9
1.3
1.2
1.5
0.8
0.9
0.8
1
0.9
1
0.8
0.9
1.2
1.2
1.7
1.1
1.4
1.2
1.5
1.1
1.2
1.2
0.7
0.8
0.1
1.3
-99.9
-99.9
0.7
0.4
0.3
0.6
1.1
1.5
1.1
0.7
0.7
1.1
0.4
0.6
0.4
1
-99.9
-99.9
0.8
1.5
-99.9
-99.9
1.5
1.5
0.6
2.2
1.4
1.2
1.1
0.9
1.4
0.8
1
0.2
0.5
0.1
0.1
0.4
0.5
0.5
0.6
0.5
0.4
0.7
0.7
0.4
1.2
0.3
0.8
0.6
0.8
0.4
0.4
0.4
0.7
0.6
0.7
0.8
0.6
0.4
0.5
0.5
0.5
0.6
0.9
0.8
0.7
0.4
1.1
0.2
0.6
0.6
0.1
-99.9
-99.9
0.1
1.3
0.4
0.4
0.1
0.3
0.4
0.4
0.1
0.2
0.1
0
0
0.1
0.3
0.3
0.5
0.6
0.5
0.5
0.7
0.7
0.3
0.3
0.4
0.1
0.1
0.2
0.3
0.2
0.2
0.2
0.1
0.2
0.6
0.5
0.7
0.2
0.3
0.3
0.3
0.3
0.5
0.5
0.2
0.5
0.7
0.4
0.1
0
0
0.2
0.7
0.5
0.6
0.6
0.8
0.7
0.4
0.5
0.8
0.4
0.3
0.6
0.7
0.6
0.6
0.3
0.1
0.2
0.3
0.4
0.3
0.2
0.2
0
-99.9
-99.9
0.5
0.3
0.5
0.4
0.7
0.6
0.9
0.7
0.5
-99.9
-99.9
4.1
0.3
0.2
0.5
0.6
0.7
0.6
0.6
0.6
0.5
0.4
0.4
0.5
0.4
0.6
0.4
0.6
0.4
-99.9
-99.9
0.6
0.6
0.3
0.6
0.6
0.6
0.4
0.4
0.5
0.5
0.7
0.5
0.8
0.4
0.6
0.5
0.5
0.5
0.5
0.6
0.5
0.4
0.4
0.5
0.4
0.4
0.4
0.5
0.5
0.5
0.6
0.4
0.3
0.5
0.5
0.2
0.8
0.4
0.8
1
0.8
0.7
0.6
0.5
0.6
0.5
0.7
0.5
0.4
0.7
0.5
0.5
0.4
0.5
0.5
0.5
0.6
