precip08:
------
0
0
0
0
0
0
0
0
0
0
0
0
0
0
0
0
0
4.9
0
0
0
0
0
0
0
T
0
0
0
T
0
0
0
0
0
0
0
0
0
0
0
0
0
0
0
0
0
0
0
0
0
0
0
0
0
0
0
0
0
0
0
12.1
17.7
T
T
0
0
0
0
0
0
0
0
0
0
0
0.1
4.6
0
0
0
0
1.4
0
0
0
0
0
0
0
0.2
8.6
3.5
0
13.1
0
1.6
0
0
0
0
1.4
11
0.7
0
T
3.1
0
0
0
0
0
0
0
0
0
0
0.5
0
0
2.4
5.8
T
0
3.7
26.6
3.2
0
T
11.4
0
0
0
0
0
0
30.8
T
0
2.4
0.4
6.7
0.2
4
0
2
0.3
T
0
0
T
T
0
0.8
11
0
7.2
T
1.4
11.3
5.4
5.7
2.5
0
60.9
30
1
1.4
0
14.4
3.5
3.5
3.1
15.4
4.6
8.5
11.2
13
0
19.1
2.8
9
1.1
T
T
2.3
9.5
0
25.7
2.5
0.4
0.2
48.3
6.8
4.8
23.7
8.4
2.8
1.6
10.2
13.3
2.4
4.1
1.5
7.7
T
0
17.9
23
5.5
17.4
5.3
0.6
5.4
26.1
13.8
1
6.8
29.6
13.5
T
29.1
10.9
0
18.3
11.4
1.1
1.7
T
0
6.5
1.5
11.6
0.2
0
15
0
5.4
12.1
2.5
3.8
8.1
4.8
0.9
0
0
1
2
T
1
1.2
4
T
37.4
84.3
41.3
32.8
9
0
0
3.6
0
T
0
7.7
0
T
27.9
2.5
0
0
30.5
4.2
0
0
0
0
0
T
5.6
T
0
0
0
4.7
0
0
0
0
0
0
0
0
0
0
0
0
0
0
0
0
0
0
0
0
0
0
0
0
0
0
0
0
0
0
0
0
0
0
0
0
0
0
0
0
0
0
0
0
0
0
0
0
0
0
0
0
0
0
0
0
0
0
0
0
0
0
0
0
0
0
0
0
0
0
0
0
0
0
T
T
T
0
0
0
0
