precip93:
---------
0
0
0
0
0
5.6
3.2
1.4
0
T
T
0
0
0
0
0
0
0
0
0
0
0
0
0
0
0
0
0
0
T
0.1
0
0
0
0
0
0
0
0
0
T
0
0
0
T
0
0.6
0
14.6
0
0
0
0
0
0
0
T
0.1
0.4
T
0
0
0
0
0
0
0
0
0
0
0
0
2.4
0
0
0
0
0
0
0
T
0.4
9.6
7.4
21.8
0
0
0
0
0
0
0
0
0
0
0
0
0.9
0
0
4.8
11.8
0.9
0
0.2
0
0
1.6
0
3.2
0
23.2
8.6
2.8
22.4
0
0
6.4
0
1
0
8.6
8.3
0.2
T
20.2
0
0
8.2
21.2
4.7
0
6.2
0.6
43
4.2
6.7
0
3.2
6
0
0
4.8
2.2
0
1.4
T
21
12.8
0.1
T
0
12.6
15.8
40
4
6.4
6.4
4.6
5.5
3.8
8.2
0.8
2
0.4
T
3.8
0
14.6
0
T
0
48
6.4
11.8
0.8
5.6
2.9
0
0
8.3
1.6
5.1
15.1
3
T
8.4
0
0
4.2
30.4
0
1.2
36.4
0.2
7.6
3.8
3
6.6
37.2
4.6
49.6
3
33.6
11.6
1.2
T
7.8
6.2
0.4
6.2
3.6
3.4
15.6
0.2
8.8
16.6
3
4
16.8
62.8
49.6
0.4
T
5.2
36
T
6.8
18
1
0
6.8
1.2
0.2
4
25.2
1.6
3
T
T
T
T
T
0.6
1.6
1.2
0.4
28
0.6
0.2
8.2
T
0
1.6
0
22.4
0.2
2.6
0
0
0
0
4
21.6
7.6
28.2
16.1
10.6
0.5
0
0
0
0
0
T
1.8
7.4
5.3
0
0
0
0
0
0
0
0
0
0
0
0
0
0
0
0
0
0
0
0
0
0
0
0
0
0
0
0.2
0
0
1.6
0
0
0
0
0
0
0
0
0
0
0
0
0
0
0
0
0
0
0
0
0
0
0
0
0
0
0
0
0
0
0
0
0
0
0
0
0
0
0
0
0
0
0
0
0
0
0
0
0
0
0
0
0
0
0
0
