humid95:
------------
100	60
100	62.7
96.3	78
100	57.3
90.9	62.8
100	58.5
95.3	64.6
82	94.6
84.3	88
100	65.5
97	78.4
92	59.8
100	76.5
100	65.7
88.2	68.4
93.6	64.5
85.9	75.2
95.1	49.8
96.7	60.8
92.1	62.1
98.2	64.1
100	65.9
94	78
96.9	71.9
98.4	70.9
98.3	64.6
96.6	54.8
100	61.4
98.3	60.4
100	70.9
100	67.6
97.1	67.6
97.2	65.3
94.3	61.2
98.6	61.8
90.3	69.7
95.8	67.2
100	66.1
100	62.9
77.7	78.7
93.5	71.1
89	70.9
97.3	69.2
100	36.2
83.1	77.3
97.6	85.6
98.5	54.7
78.2	70.5
94.3	37.5
85.9	44.6
90.1	32.2
83.1	41.7
82.3	78.5
96	71.9
96.8	83
97	62
89.4	43.2
94.7	53.9
91.8	30.1
84.3	29.4
80.2	31.1
84.7	30.4
79.8	48.2
81.4	39.9
64.6	28.6
79.9	87.3
98.7	34.8
71.9	63.4
92.2	78.6
92.6	43.2
76.8	28.1
69.9	32.2
75.4	24.8
58.2	37.8
73.2	44.7
85.9	18.8
63.6	39.7
68.1	39.3
65	40.2
64.8	49.3
74.2	45.3
DNA	DNA
DNA	DNA
DNA	DNA
DNA	DNA
DNA	DNA
DNA	41.7
72.8	72.9
78.8	34.3
68.2	40.6
62.1	30.2
74.5	44.7
70.1	41.9
65.8	23.9
57.6	21.9
59.9	22.3
52.9	23.7
40.1	52
78.4	73.9
79.3	50.4
70.9	41.4
48.6	34.1
48	25.2
58.4	21.2
63.8	34.9
54.5	33.4
75.4	44.9
73.2	35.3
50.5	29
55.5	39
56.4	36.4
64.8	48.7
62.9	46.5
61.4	30.2
56.8	34.8
51.1	38.5
48.3	58.8
65.3	47.1
55.2	53.3
64.2	46.3
57.2	23.4
45.5	23.4
38	20.9
35.4	23.3
43.3	18.4
39.4	28.8
53	49.7
59	52.6
62.1	54.7
56	62
78.4	87.8
67.2	63.3
71.3	60.6
79.3	65.8
68.2	69.7
78.3	75.4
89.7	79.5
71.8	66
59.2	47.4
64.8	39.9
62.1	45.7
60.4	40
58.5	18.2
47.4	28.3
46	19.6
47.6	22.5
42.4	34.6
51.6	39.4
62.8	56.9
60.8	52.7
68	63.6
76.8	61
65.9	61.9
96.6	79.5
89.9	81.4
84.3	83
86.3	71.6
70.4	94.9
83.8	76.9
77.2	91.7
95.7	74
89.9	89.5
98.2	86.6
93	63.8
95.6	64.7
93.9	72.3
93.9	94.8
90.7	75.1
97.3	72.9
90.3	62.9
91.1	83.2
75.6	63.9
77.6	73.4
95.5	77.8
87.2	98.2
85.4	70.4
82.9	74.5
83.7	69.8
80.9	71.3
94.6	68.4
85.4	70.8
86.7	68.3
82.3	85.3
88.2	76.7
72.5	68.4
90.1	93.3
81.5	83.8
86	86.7
96.4	95.6
93.9	83.7
88.2	92.3
89.6	78
71.9	75.3
75.5	78.1
93.9	66.4
85.2	76.3
62.8	82.1
83.6	94.1
84.4	80.7
76.8	94
77.7	84
82.2	83.6
81.6	79.7
68.8	77.1
75.2	67.6
87.4	79.7
89.9	74.3
85.4	79.3
80.1	72.9
80.6	75.3
78	79.5
88.4	92.3
83.1	76.3
85.7	96.5
80	83.3
78	79.8
79	75.4
81.1	84.1
74.3	94.8
83.9	83.6
84.5	66.7
73.6	76.3
88	87
96.5	85.5
98.2	92.9
86.2	89.8
84.7	77.1
73.1	67.4
76.4	82.9
85.7	64.1
83.3	76.4
91.3	78
79.1	87.4
91.2	75.3
80.6	83.9
85.9	80.4
79	79.1
93	78.5
90.6	73.8
83.4	93.2
83.6	94
89.8	77.3
81.5	74.6
80.9	67.9
84.8	71.5
83.8	81.4
84.9	82.3
94.7	91.3
88	76.3
74.3	83.2
79.5	82.9
79.6	72.8
80.6	81.3
86.4	69.8
78.2	67.6
94.3	79.2
88.7	89.8
81	74.9
92.1	75.6
86.4	85.2
91.2	86.6
96.3	96.4
89.5	80.9
84.3	83.6
83.6	82.9
86.9	79.6
78.9	77.1
88.4	73.9
81.3	83.2
90.9	74.9
86.4	86.1
89.3	80.4
79.7	75.8
91	79.2
85.5	78.8
82.3	83.4
91.7	83.8
89.6	76.8
88.9	73.9
88.7	90.5
95.2	73.3
86.9	76.9
97.1	94.1
89.7	78.1
89.6	74.3
91.5	85.1
88	83.5
94.5	81.9
99	82.4
96	76.3
90.5	82.4
97.9	60.5
87.2	89.6
90.1	74.5
85.2	74.3
94.6	75.3
100	79
93.6	66.5
98.9	65.2
86.4	74.2
95.6	59.3
91.4	60.6
77.9	70.5
89.7	80.4
96.8	75.5
100	45
73.2	55
87.5	62.6
88.5	62
87.9	57.4
89	63
100	51
95.4	86.7
98.9	94.9
99	88.4
88.1	75.7
98.9	72.7
96.7	85
95.4	75.9
91.6	69.7
89.5	72.4
93.2	73.2
87.4	68.5
92.7	67.1
86	75.7
100	84.9
100	83.6
87.3	82.1
100	73.9
91.3	74
100	68.4
97.4	79.1
94.8	83.5
98.6	83.4
94.6	77.5
100	86.9
98.6	78.5
96.2	83.9
96.1	80.2
98.7	89.2
97.5	79.7
93.5	85.1
98.6	76.5
98.6	83.1
100	87.1
100	76.3
98.5	79.1
98.7	88
96.3	85.4
94.9	75.4
100	86.9
91.7	89.2
98.7	88.9
100	92.2
87.4	91.2
100	74.4
89.8	94.7
97	63.5
95.8	89.7
100	96.5
100	83
100	71.8
100	80.4
98.4	82.5
92.3	77.8
98.4	56.3
100	56.6
100	46.8
98.4	47
96.9	54.9
96.8	58.3
100	75
100	52.3
100	61.6
100	58.8
100	57.3
100	42.9
100	48.6
98.4	49.3
98.4	50.2
100	50.2
96.9	45.6
82.6	49.7
91.1	49.2
100	48.2
98.5	45.3
98.6	41
98.4	41.3
81.4	41.2
100	46.2
100	46.3
91.4	54.5
100	59.1
100	54.7
100	49.6
100	52.5
100	51.2
98.6	54.6
100	52.3
91.4	39.3
76.1	31.3
100	29.3
98.6	48.4
100	55.3
95.3	51.8
88.5	49.1
97.6	38.6
93.8	38.6
97.4	26.9
93.8	38.8
90.3	53
100	68.8
98.7	24.5
92.4	39.4
97.5	40.3
100	35.8
90.6	54.7
88.4	58.1
93	58.1
100	49.3
87.3	43.3
83.8	64.7
95.5	44.7
87.9	36.9
87.2	32.5
87.4	50.5
81.9	46.1
95.2	47.4
82.9	54.3
97.6	47.6
98.9	50
91.5	37
71.4	30.7
72.8	16.6
50.6	20.9
52	26.5
63.1	26.4
64.3	38.4
73.9	48.9
78.4	48
76.9	25.6
54	21.8
62.4	37.6
68.1	27.6
69.9	36.5
71	35.5
77.1	40.3
73.1	44.7
76	30.4
74.9	31.4
61.4	55
69.7	43.9
74.3	45
71.1	51.7
73.8	54.1
73.3	48.3
76.9	30.1
73.3	22.7
57.2	20.6
60.2	29.5
42	35.6
66.7	42.5
69.9	70
45	43.2
81.4	55.6
74.6	57.3
80.9	54.9
78.7	56.1
75.8	40.9
59.9	32.9
64.6	24
55.8	24.8
61.4	28.5
53.7	38.2
64.8	42
70.4	50.4
69.6	58.9
73.9	58.7
62.5	52
61.1	41.4
58.3	41.5
57	45.1
67.1	39.8
57.3	59.9
72.9	61.5
90.7	58.5
85.9	43.8
75	52.8
83	62.3
68.1	62.8
69.7	65.4
88	65.8
71	57.6
67.5	59
77.6	74.5
82	54.7
89.5	69.7
78.4	69.4
91.6	59.7
77.3	78
74.3	62.6
81	54.9
67.5	62.8
73.9	57.7
80.3	80
87.9	75.8
86.4	68.8
83.3	71
94.8	71.1
73.8	71.6
74	88.2
73.8	72.3
83.4	75.5
88.2	69.2
76.1	53.5
71.3	41.7
56.5	39.9
63.8	49.7
58.9	86.4
74.3	49.1
68	52.1
61.3	66.9
66.5	75.3
71.6	70
78.3	57.9
89.7	68.8
82.3	86
94.6	90.8
98.1	80.9
76.3	67
77.1	83.4
88.3	93.4
83.7	75.1
83.8	85.6
87.1	75.5
73.6	73.5
80.9	88.5
89.9	78.7
91.6	90.9
90.9	88.4
88.3	73.6
89.8	77.4
96.6	93.2
96.2	96.3
81.9	70.4
91.5	84.4
88.6	96.6
96.4	98.2
100	81.6
100	77.5
88.3	77.3
76.5	83.6
83.6	65.8
84.6	82.2
91.6	82.3
89.4	85.2
93.1	89.9
88	79.4
85.3	76.3
86.4	85.7
85.9	83.9
88.3	85.6
94.9	94.8
93.1	91.8
78.8	84.1
82.4	89.4
83.9	80
80.5	88.1
90	88.6
86.9	90
83.8	91.6
86.2	85.2
94.8	79.2
93	91.7
88.5	84.7
79.8	85.4
94	74.1
77.2	78.3
91.4	84.8
84.1	75.6
88.5	85.5
91.6	76.4
80.5	79.7
82.7	81.4
77.1	81
91.6	88.2
80.9	82.6
90.1	91.8
77.3	91.6
93.1	93.1
98.2	94.8
93	85.4
89.9	69.1
85	83.9
98.2	86
89.1	88.5
89.7	85.2
98.3	84.2
96.4	77.4
86.8	84
94.8	83.9
96.5	77.8
96.3	91.2
93	96.5
88.7	86.1
88.3	93.1
90.5	89.7
91.4	91.5
83.8	93.2
86.9	82
77.8	83.6
77.7	78.8
88.4	78.2
80.9	83.9
83.8	91.3
92.4	89.9
84.2	83.9
88.8	70.5
82.1	79.3
96.5	89.8
91.4	75
75.8	71.4
79.1	93.6
96.7	77.8
82.6	88.1
95.5	86.3
86.9	69.8
83.9	77.1
75.5	62.4
86.5	79.3
74.4	70.5
84.9	78.9
92.9	83.8
89.5	91
82.2	83.8
81.5	84.8
98.1	78.9
88.2	83.6
95.4	85.4
87.6	89.4
98.1	70.9
85.4	86.1
84.3	78.7
98.1	94.2
91.6	61.8
89.2	69.3
96.1	65.2
90.5	74.7
90.7	77.8
88.6	76.2
96.1	75.2
92.1	73.1
85.8	78.4
94.3	75.8
89.1	75.5
92.4	83.8
90.5	90.6
92.9	96.9
97.8	64.4
94.2	59.1
87.7	56.2
89.7	57.4
89.4	61.8
100	55
91.8	62.7
89.9	53.2
91.9	62
96.9	64.7
87.4	65.2
95.9	70.7
95.9	82.3
97.8	58.7
78.5	61.7
97.8	70.2
93.5	70.7
96.7	65.9
94.5	69.1
96.6	73.3
98.8	66
97.7	70.2
89.4	74.8
100	69.2
91.4	68.7
98.8	56.2
95.3	80.1
98.8	68.4
95.3	72.8
100	82.2
97.6	64.9
100	60.3
98.7	67.5
100	68
97.6	73.9
97.6	87.2
97.7	67.2
100	72.3
100	72.6
100	66.4
100	66.1
100	71.3
100	65.7
100	63.7
87	67.3
97.5	83.8
100	61.9
97.4	60.9
97.4	74.7
95	61.2
100	61.7
100	70
100	60.8
100	63.1
100	76.4
100	69.7
100	64.8
100	67.5
95.4	56.1
97.1	64.9
100	70.3
85.5	61.9
92.6	73.1
97.1	67.4
100	65.2
94.8	71.6
92.3	74.4
97.4	70.7
88.6	66.9
97.3	76.5
97.3	67.1
100	60.1s
96.9	81.7
96.9	78.5
100	86.6
96.7	82.6
96.7	86.9
94.4	65.7
97	72.5
96.9	62.4
96.9	64.6
93.6	60.7
96.9	71.3
97	65
94	77
95.9	68.5
94.1	71.6
92.2	80.7
97.1	69.1
