precip95:
-----------
0
0
0
0
0
0
0
2.8
0.5
0
0
0
0
0
0
T
0
0
T
0
0
0
0
0
T
0
0
0
0
0
0
0
0
0
T
5.2
0
0
0
0
0
0
0
0
4.4
9.1
0
0
0
0
0
0.2
8.4
1.5
0
0
0
0
0
0
0
0
0
0
T
0.6
0
0
0
0
0
0
0
0
0
0
0
0
0
0
0
0
0
4.6
30
T
0
4.6
0
0
0
0
0
0
0
0
0
0
0
T
T
0
0
0
0
2.6
T
0
0
0
0
0
T
0
0
0
0.6
0
0
0
0
0
0
0
0
0
T
T
0
13
7.9
16
1.9
0.2
5.7
15.2
0.6
0
0
0
0
0
0
0
0
0
0
0
0
T
T
T
6.6
4.8
58.6
1.5
3.2
8.3
22.2
11.2
60.3
63
73.5
3.4
28.4
32.2
39.2
53.9
4.2
26.2
T
0.1
0.2
23.2
15.7
0
32.6
0.8
13.1
4.1
6
25.2
2.6
1.4
19.2
13.2
17.4
34
13.4
12.9
17.2
1.6
T
45.6
3
0
11.7
59.8
0.2
5
2.8
0.5
0
2
T
0.4
T
1
22.6
0
17.4
7.3
6.8
13
0.4
0.2
0
3.8
19.2
0.2
0
24.4
0.6
37.7
6
6
48.5
0
8.9
16.4
70
4.6
1.2
2
17.3
0
22
1.2
0.2
64.2
22
0
0
1
27.6
0.3
0.6
3.4
T
T
0
0
0
0
0
0
T
T
T
30.6
13.2
7.4
0.3
2.6
0
0
0.6
1.6
1.2
0.2
10
T
0.1
0
0
0
0
0
3.2
10
0
0
25
0
0
0
0
0
0
T
0
0
0
0
0
0
0
0
0
0
0
0
0
0
0
0
0
0
0
0
0
0
46.2
15.4
0
0
0
0
0
0
0
0
0
0
0
0
0
0
0
0
0
0
0
0
0
0
0
0
0
0
0
0
0
0
0
0
0
0
0
0
0
0
0
0
0
0
0
1.6
5.4
0
0
0
0
0
0
0
0
0
0
0
0
0
0
0
0
0
0
0
0
0
0
0
0
0
0
0
0
0
0
0
0
0
3.6
0.6
0
0
0
0
0
0
0
0
0
0
0
0
0
0
0
0
0
0
0
0
0
0
0
0
0
0
0
4.2
0
0
0
0
0
0
0
0
0
0
0
0
0
0
0
0
0
0
0
0
0
0
0
0
0
0
0
0
0
0
0
0
0
0
0
0
0
0
0
0
6
0
0
0
0
0
0
0
0
0
0
0
0
0
0
0
0
0
0
0
0
0
1.5
7.2
0
T
T
T
T
T
6.8
T
6.1
2.4
5
0.7
T
2.8
0
4.6
9.8
12.4
T
0.2
4.3
13.8
9.5
T
16.6
0.2
2.6
0
0
0
0
1.5
5
0
0
0.4
T
0
5.9
0
2.4
44.4
18
0
11.4
30.7
0
10
T
2.6
10.3
8.8
8.8
25.9
T
1.2
99.4
22.6
6.3
0.2
28.4
84.6
41.6
5
0
4.4
0.2
6.9
7.8
4.7
6
0.2
0.3
1.8
1
3.6
51.8
5.2
24.4
47.3
T
7.9
29.3
47
16.6
23.8
27
3.2
T
5
0
29.8
T
T
37.4
21.6
T
T
7.6
0.2
3.4
4.2
26.2
14.6
6.8
T
0
32.8
2.3
38.7
8.2
2.2
33
12.6
38.3
19.8
14.3
15.9
1.3
5.6
16.7
4.2
4
3
0
T
T
T
16.4
11
47.3
0.2
5.8
1
0
0
T
T
12.4
13.8
0
31.4
T
13.6
2.5
1.4
4.2
30.8
5.6
58.3
T
T
1.6
9.4
1
T
9.8
46.8
0
0
0
0
0
0
0
0
0
0
3.4
65
15.2
0
0
0
0
0
0
0
0
0
0
0
0
0
0
0
0
0
0
0
0
0
0
0
0
0
0
0
0
0
0
0
0
0
0
0
0
0
0
0
0
0
0
0
0
0
0
1.2
0
0
0
0
0
0
0
0
0
0
0
0
0
0
0
0
0
0
0
0
0
0
0
0
0
0
0
0
0
0
0
0
0
0
0
0
0
0
0
0
0
0
0
