precip99:
-------
0
0
0
0
0
0
0
0
0
0
0
0
0
0
0
0
0
0
0
0
0
0
0
0
0
0
0
3.6
0.6
0
0
0
0
0
0
0
0
0
0
0
0
0
0
0
0
0
0
0
0
0
0
0
0
0
0
0
4.2
0
0
0
0
0
0
0
0
0
0
0
0
0
0
0
0
0
0
0
0
0
0
0
0
0
0
0
0
0
0
0
0
0
0
0
0
0
0
0
0
6
0
0
0
0
0
0
0
0
0
0
0
0
0
0
0
0
0
0
0
0
0
1.5
7.2
0
T
T
T
T
T
6.8
T
6.1
2.4
5
0.7
T
2.8
0
4.6
9.8
12.4
T
0.2
4.3
13.8
9.5
T
16.6
0.2
2.6
0
0
0
0
1.5
5
0
0
0.4
T
0
5.9
0
2.4
44.4
18
0
11.4
30.7
0
10
T
2.6
10.3
8.8
8.8
25.9
T
1.2
99.4
22.6
6.3
0.2
28.4
84.6
41.6
5
0
4.4
0.2
6.9
7.8
4.7
6
0.2
0.3
1.8
1
3.6
51.8
5.2
24.4
47.3
T
7.9
29.3
47
16.6
23.8
27
3.2
T
5
0
29.8
T
T
37.4
21.6
T
T
7.6
0.2
3.4
4.2
26.2
14.6
6.8
T
0
32.8
2.3
38.7
8.2
2.2
33
12.6
38.3
19.8
14.3
15.9
1.3
5.6
16.7
4.2
4
3
0
T
T
T
16.4
11
47.3
0.2
5.8
1
0
0
T
T
12.4
13.8
0
31.4
T
13.6
2.5
1.4
4.2
30.8
5.6
58.3
T
T
1.6
9.4
1
T
9.8
46.8
0
0
0
0
0
0
0
0
0
0
3.4
65
15.2
0
0
0
0
0
0
0
0
0
0
0
0
0
0
0
0
0
0
0
0
0
0
0
0
0
0
0
0
0
0
0
0
0
0
0
0
0
0
0
0
0
0
0
0
0
0
1.2
0
0
0
0
0
0
0
0
0
0
0
0
0
0
0
0
0
0
0
0
0
0
0
0
0
0
