precip06:
------
0
0
0
0
0
0
0
0
0
0
0
0
0
0
0
0
0
0
0
0
0
0
0
0
0
0
0
0
0
0
0
0
0
0
0
0
0
0
0
0
0
0
0
0
0
0
0
0
0
0
0
0
0
0
0
0
0
0
0
0
0
0
0
0
0
0
0
0
15.4
8.8
0
0.5
0
6.2
0
0
0
0
0
T
0
0
0
0
0
0
0
0
0
0
0
1.5
0
0
T
3.2
14.8
0
0
13
0
0
0
0
0
0
34.7
23.4
0.7
T
T
6.8
0.8
T
0
17.2
0
16.7
0
0
T
4
0.4
0
0.4
T
40.4
1
18.6
2.2
8.9
T
3.9
T
T
0
0
2.2
2
12.8
3.7
2.4
17.8
2.3
T
22.1
0.4
T
T
0
0.1
T
0
3.2
T
15.1
4.1
3.9
50.5
0.5
1.6
T
0
0
0
0
0
0
0
0
19.4
0
67.7
1
28.2
T
4.4
T
15.8
0.7
0
26.2
0
11
0
0
T
13.5
0
0.1
T
39.2
22.2
0.1
1.4
20.3
3.7
40.5
39
32.1
2.8
2.3
T
46.2
1.2
8.1
8.5
13.3
0.2
5.1
0
T
35.5
13.4
T
0.5
9.8
T
1.7
T
0.1
0
T
T
4
0.2
1.1
5.1
0
T
66.3
6.4
4.4
1.4
33.3
26.8
0.5
6.5
8.9
5.5
16.9
0.1
2
3.6
23.7
0.1
12
0
0
0
31
9.7
4.7
20.3
2.8
0
0
19.7
0
0
T
11.4
1.4
1.1
7.2
1.4
37.4
11
0
0
3.5
13.5
7.7
0
0
0
0
0
0
3
1.2
0
21
0.1
0.1
0
0
0
0
0
0
T
9.3
1.5
0
0
0
0
0
0
0
0
0
0
0
0
0
0
0
0
0
0
1.5
0
0
0
0
0
0
0
0
0
0
0
0
0
0
0
0
0
0
0
0
0
0
0
0
0
0
0
0
0
0
0.7
16.8
0
0
0
0
0
0
0
0
0
0
0
0
0
0
0
0
0
0
0
0
