2000:
----
0
0
0
0
0
0
0
0
0
0
0
0.3
1
0
0
0
0
0
0
0
0
0
T
0
0
0
0
0
0
0
0
T
0
0
0
2.1
0.2
0
0
0
0
2.9
0
0
0
0
0
0
0
0
0
0
0
0
0
0
0
0
0.1
0
0
0.8
0
0
0
0
T
0
0
0
0
0
3
0
0
0
0
0
0
0
0
T
11
T
0
T
3.8
2.3
0
0
0
0
0
0
0
0
0
0
0
0
0
0
0
0
0.2
0
0.4
0
T
T
13.9
5.6
0
8.6
T
27
0
6.2
0
T
0
3.3
0
T
0
0
23
7.5
T
0
0
3.7
0
T
0
20.2
1.6
1
1.8
17.6
4
14.4
2.7
34.6
3
4.4
5.9
13.8
5
42.4
T
16.4
T
7.8
5
0
11.8
3.3
9.3
0.4
0.6
T
T
0
0
0.5
14
6
49
15.8
20.2
T
38.5
43.6
4.1
4.2
13.6
1.2
0.8
T
0.4
17
3.4
0.8
5
3.6
4
7
5.8
15.4
0.6
11.6
0
23.4
0.2
8.6
9.2
4.4
37.4
13.6
T
0.5
22.2
2.6
25.6
37
21.2
19.8
20.5
10.7
0.2
5
19
73
27.2
0.2
0
3
39
98.6
2.9
47
1.4
0.4
3.2
6.2
2.6
1.2
0.1
T
T
2.6
1.8
0.1
3.6
30
1.2
0.2
0
3.1
0.4
11
5.7
14.8
5
0
11.4
T
0.1
3.9
3.9
1.2
8.6
T
2.6
T
T
3.2
0.2
3.4
5.8
23
22.4
9.6
T
0
0
0
0
0
0
0
0.3
T
0
0
0
0
0
0
0
0
T
0
0
0
0
0
0
0
0
0
0
0
0
0
0
0
0
0.6
0
0
0
0
0
0
0
0
0
0
0
0
0
0
0
T
0
0
0
0
0
0
0
0
0
0
0
0
0
0
0
0
0
0
0
0
0
0
0
0
0
0
0
0
0
0
0
0
0
0
0
0
0
0
0
0
0
0
0
0
0
0
0
0
0.2
0
