precip94:
----------
0
0
0
0
0
0
0
0
0
0
T
T
0
0
16.2
11
0
0
0
0
0
0
0
0
0
0
0
0
0.1
0
0
0.2
0
0
0
0
0
0
14.6
0
0
0
0
0
0
0
0
0
0
0
0
4.2
0
0
0
0
0
0.4
0
0
0
0
0
0
0
0
0
0
0
0
0
3.4
T
0
0
0
0
0
T
0
0
0
0
5.5
1
0
3.2
0.5
0.3
0.1
0
0
0
T
7.4
0
0
0
T
0
0
0
0
0
T
0.2
0
0
0
T
T
0
0
0
0
T
T
0
0.6
T
0
0
0
0
0
7.7
0
12.8
0
0.2
0
0
0
0
11.6
18.4
0.3
0.2
T
0
1
T
11.8
37.2
0
0
T
11.2
27.8
1.6
18.7
0.4
2.4
0
2.6
0
0
0
0
18.7
T
3.4
38.1
0.2
42.4
1.4
54.2
0
26.8
6.9
10.1
24.7
40.4
1
T
99
5
T
17.2
T
6.8
12.8
1.8
T
T
3.4
T
23.2
7.5
3.6
18
2.2
8.6
T
3.2
0
0.2
59.3
17
1.2
2.2
7.2
1.6
1.4
9
2.7
30.6
3
6
17.6
4
0
T
34
4
T
28.4
62.3
2.6
28.2
13.2
3.3
7.6
T
12
4.6
T
0
54.7
3.4
0
24.4
2.2
5.1
34.6
32
15.4
28.6
14.4
30.4
0
0.2
7.2
4.4
42
6.2
25.2
0
0
0
0.4
35
4.2
0.8
25.2
36.4
41
6.6
0
5.5
T
1.5
0
0.6
0.4
0
0.6
0
0
0
0
0
0
0
0
0
0
0
0
0
0
0
0
0
0
0
0
0
0
0
0
0
0
0
0
0
0
0
0
0
0
0
0
0
T
0
0
0
0
0
T
0
0
0
0
0
0
0
0
0
0
0
0
0
0
0
0
0
0
0
0
0.6
11.4
T
0
0
0
0
0
0
0
0
0
0
0
0
0
0
0
0
0
0
0
0
0
0
0
0
0
0
0
0
0
0
0
