precip05:
------
0
0
0
0
0
0
0
0
T
0
0
0
0
0
0
T
21.7
0
0
0
4.9
8.7
19.8
0
0
0
0
T
0
0
1.6
T
0
0
0
0
0
0
T
0
0
0
0
0
0
1.9
0
1.5
0
0
0
0
12
0
0
0
0
0
0
0
0
0
T
0
0
0
0
0
0
10.2
3
0
0
0
0.8
0
22.5
0.2
0.3
4.7
3
0
3.2
0
0
T
2.2
0
0
0
0
0
0.5
0
0
T
0
0.2
1.6
0
0
0
0
0
0
0
0
0
0
0
0
0.7
6.3
0.2
0
9.9
0
T
15.4
2.6
0
0.5
0
8.8
8.3
1.2
0.7
5.7
0
0
0
0
0.7
4
0
1.5
0.7
T
4.9
0
0
0
T
0
0
0
1
0
0
0
0
0
0
0.2
6.5
15.4
4.8
21
0
0
2.2
0
T
0
23.3
0
0
0
0.2
1.7
10
37.3
7.5
44.2
1.3
11.8
6
T
7.1
22.4
0
0.2
4
0.3
1.2
0
7.2
51.5
0.2
36
7.2
22.5
9.4
13.7
23.5
T
13.8
32
2.4
T
4.7
0.5
T
0.6
4.8
1.3
5
0.2
1
10.3
T
0.8
0
1.9
6.7
1.6
39.3
68.1
1.3
23.5
10
6.9
12.1
1.2
T
8.9
2.2
0.7
1.8
7.6
18.2
12.7
24.3
1.4
0.8
10.1
16
28.8
2.1
0
0
0.3
T
0
3.5
4
2.1
17
0
T
19
24.5
12.8
5.3
1.9
0.2
T
T
0
0
1
0
26.5
0.5
8
0
0
0
0
0.2
0
0
0
T
0
0
0
0
T
1.5
13.3
22
T
0
0
0
0
0
0
0
0
12
46.8
28.5
2
0
0
0
0
0
0
0
0
0
0
0
0
0
0
0
0
0
0
0
0
0
0
0
0
0
0
0
0
0
0
0
0
0
0
0
0
0
0
0
0
0
0
0
0
0
0
0
0
0
0
0
0
0
0
0
0
0
0
0
0
0
0
0
0
0
0
0
0
0
0
