precip04:
------
0
0
0
0
0
0
0
0
0
0
0
0
0
0
0
0
0
T
0
0
6.4
5
6.4
9.1
0
0
0
0
0
0
0
0
0
0
0
0
0
0
0
0
0
0
0
0
0
T
0
0
0
0
0
0
0
0
0
0
0
0
0
0
0
0
0
0
0
0
0
0
0
2.7
0
0.4
0
0
29.2
T
0
0
0
0
0
0
0
0
0
0
0
0
0
0
0
0
26.5
T
0
0
0
T
0.2
2.4
0
0
0.3
0.2
0
7.2
0
13.5
72.4
T
0
T
10.4
0.4
1
0
0.4
10.6
18.6
0
8.6
6.1
0
0
0
0
0
0
0
0
0
0
0
0
0
0
21.8
9.5
16.3
47.3
18.2
1.4
0.7
17.6
0.2
18.3
1.6
0.5
0
0.3
0.4
23.8
1.2
5.4
0
1.9
13
0.9
18.3
3.8
T
14
19.2
0
10
T
4.7
3
22.4
4.2
2.9
3.5
28.7
T
0.9
1.2
0
0
T
0
T
0.9
T
1.8
1.2
3.3
1.2
1.9
4.8
74.6
27.4
38.7
6.6
11
T
0.1
36.2
0.9
73.5
0.1
20.2
2.3
8.7
4
2.5
54.5
1.8
41.7
19.1
17.2
3.3
T
0.4
0
2.4
30.8
3.4
0
3.6
3.8
10.2
4.4
T
T
52.1
4
T
21.8
1.5
3.8
2.1
6.2
1.4
T
0.2
8.2
9.4
32.6
0
0
5.6
0.5
11
45.6
0.2
T
3
T
8
11.2
9
T
3.6
T
9.6
7.4
23.6
4.2
9.8
15.3
34.7
1.3
8
1
T
0
0
0
0
0
0
3.6
T
6.4
6.4
13.5
13.3
0.5
0
62.1
1.1
0
0
0
0
12.3
T
0.3
2
0
0
0
0
0
0
0
0
1.4
1.2
0
0
0
0
0
0
0
0
0
0
0
0
0
0
0
0
0
0
0
0
0
0
0
0
0
0
0
0
36
0
0
0
0
0
0
0
0
0
0
0
0
0
0
0
0
0
0
0
0
0
0
0
0
0
0
0
0
0
0
0
0
0
0
0
0
0
0
